$ANSIBLE_VAULT;1.1;AES256
35383930323065656361666663616466356235303663333863336362343930363235356532306639
6438346337353631316334623063303963623434646530660a333366656437646137303133656163
34303034336236386465303735613136663761396631623332393165353639376165336165353430
3263316166316435610a663261383130313930316532303532383563323936303736326331626664
32363632313266623630353331666234326566373835653036323366336135383064333436646165
37313263623136613530653933306532356437356164363138383461303738303931663138633161
30646561663161396263623562306637633335653136393066613138396134663835643731353565
65336538663637333232316331373230313832376566343939663663656138323666343434336535
63393135663961616366633831653265376332346137646133373163353131333535366362353334
32386563353366326561363936326430356138663234623931336462643035343962613935613935
61366132366235653037373137626631323135666437333661656166393163323363346661323435
66393430393633643731393239666434656436373765323330373939643039656163386563343434
61306336346330646236303762366236303635326262316162353061366338393238663933666663
34363061646637313164336666356162373938393061396662656264633762333036313830323862
39323532616237303066653837643264346165653432663063323136386636353432376265386336
66656237303335303465396262376562316237306639336365653661616139346136346337393632
64616538326135643937613832616261303964636132366136393766363632313166626637376135
32323132623232353235323166323538363039613464366331316535383137613362333864363733
36363731643335303563613065663539633366363239636634633631393163343032313939386535
31366261623564326466646134626466353532303934383438656634323766346532303461636464
31346633303739376265663965636135613537323134366564613339633663363637613761386262
63636238343766343737636232623430663339666163376539363439393234303136346535376466
38613034613663653633346164363038613662386130366533633835303364626631653538623464
32636665646231396132633464316131316334656663363662393564626131663234386131646662
62636465303162316636616332643332343631613066383032633135643764396436363338326561
30626136313766646362353932313861636466356538353066323432643766316462623565656139
34353866343161363566356262306532623231386665373730313433613435396261313164633665
65326436353438633162343537613331666166613965613435343332623962656436356565663932
31353263616439656539643765613431336236666339393930313033363465636566336261373639
63613066363730666630353232346237313531353762383263633335643732616264653833373839
37336231363030616635663834373933383865353133336433323137343766393232323633366130
66393034323961366539303364356530346538373637643561643564396635323032393661656336
32626262643938303738376637353430363062653130393463643366663532356662633161616564
32313766386662356431626230663065313034663163613838653635323765386430343035626133
61666338363737353933633165663734633432613438343563353030366137646564366634646632
30366130653565383862663731323036393837313761313535383261393734633364313964366532
36343362666337336638323434336364326264336433636163653337653137643261303133363064
66646435316534666363643230633164323635366434616464366639616561643832613837646463
37633762633264373562333036306437343433623761313735376531323665623838373861653666
35663333646431353638366163653162646333343439333330633863396335313066656465336666
63663534333331656263303438373636393766383962643735303536343663653165333535613062
37336266613731393834306539323637366534663436616630323164313634636561643337316230
63613031383432343365643438386238643635393432323634396464393262306165323735343861
34336665336432643430663465616137633631313563653137323733373665393666643533626333
63363961653564343331636633393137373364373762346363663062343365646133343830313163
35653263393834623565633265393435663864336131383663633766373561396237653637306537
61343735333536363166656638396335646464373161316437353361653633303536646266373061
65646336656365666164386464653263666635656133366161633635303666346566373561306632
30363339343430376239376237393035643435356239313966613533303533303364616534343639
65363565656131323636333562303735303865656539386231666533353033663964303961376532
61633866336533356232643964633035353262623563663433636163326630313864613565623735
37633662653466326337363736393161633132386166633031666232626332666364306463353065
33306139316132376266656635383639646230636562303766313933326661363837653137613336
66373636653935376130326363356236666639373063323533313031643166383538343465653231
30336465373834356430373033643663353131386237343066313034366437383065343937393832
36626239613638613861303865613136336566333464386533613739616638363638376662323936
32623837623833396431373336356364323536323038633763373636356538313830303635383962
31653733316335303135666436613531643962336262353463323165353361376262346134333162
66653037326438373534383663306363653438663037326262386562326162646461353135396238
65616162623939386631363463393137316139313833313038303131616365373331626265343732
65336333343665323136663531626661376261396133336634633035393662616534613338303530
39353032323536623432636164633038376239623931656664303531663438636435373532356366
63333566343466346363386635363232653733333438373531666663323331396463393634616663
31316130313061626139653062316164623536336135343463666236643030376537303165646631
65623739663439636362653166633538633033663630336132366666383439366436333330336132
39316339643832636532323338666363643134356436323634306633346536356330626239643531
39313366303138646335323762353961626139616333646133343634383037313632626237613730
39333964383465656232613030383530343763373732376533383832636234343137636365383139
36383932663439343131386530356538663536376532323861613165303662666362316531303265
35663665653537326664386630386362623265613034633531646563646632336161346362326263
35353062636334343561623963663630346465363335386465643937636165656262326235356331
31636664333135353032623138356464373832633237383639316466616465636661623565373837
33333135623964383734363930323433633962373031383538373633326139383134616434383536
65383433633663323163326239383362303763363431353663666666373864313663613064356365
39623666666466613364393836393631376136376135326533633031393363613262323833363764
38646361663332616233636263376430303738323961383336353566326234363131633636666664
63393039653164396264303630656639333136653630653533343261366564396465316532653233
30616131663939353266613636306634633866326530653031383439336230303033613462383232
66613339626137373637333534333363643438343333383135636464353330613831353537643836
39323533653130636337383035343065666161353830346434313365656563396363303635653265
34616237306264643735653931323635363534633230613636613561316161383030303962653134
32363231386437643230666632666535323764393035353634396538663030663436633665343938
30656366656266303363383532636630653032333638313435393432323561653736333335663462
39616435323966363433396539376366313837303131653533353532663333613030383561653238
33653162613734346139613536333830356434326261623166646338613734323639353561633032
65323839353866363633633630626430663231333063386138373038323866626664646262303563
65343232343939323939643062643664383563316464376433323463363536383139623534363233
37353631336136363366333735336130643766336639313635336131623266316363353334643563
65343933396230306434343432623462333961306465636665616432303431346661343965386563
31386361393437383530333233316566386130613265653263656566393532393664373266323164
66623766303637303265633331653138323238633333326564363631666135656434613236623637
37623235646435636261333539313430393738623138343833363139363861333831323561666335
37313861336333666139656638333930613939613431643835623134363634336334386232386139
32323064656534656162613636666533353635326233393265323430336664306562346564373735
36623064313238393035613636393532376131616263636364346163643161396339373665623837
35393665656166376339303863313730613661616165343133336462306534333035663939343136
33303861623032616134616335363835336238336430643034353139303162663332336666666661
33643137616637303535323262306535303966626366323961336561616461643233363639353962
34373538306465613037316134666230323137383237623261306235363037386266346161326362
61626261376539346538666638623861306464343431623039633431336532623732316137333539
62626432346632323031666232663437623239396562306164306662366230663834303264626461
33356336303832306230363336343633616662636230393735353230303965633863643331323265
37326263333966643836316132663664353139663939383566313066626132646665333136383431
65656432373830393361373230366133323833323066366539653861386136393539373633393137
34626633346637616662376464323430303739616238393036366664663934656436376538313962
61323166396433643636363438343665643137336239643663396230653737376132383962363966
61386439396136393534323133653564633735636162353335633365353062376434386630343933
64633739653633313863653861643766396465373066336565653262366235363830623433323765
64326566616438303863356430363236316134326436633561373633326162623565643564613430
66313663663834666439303539316238326662303938323566363337393061613964663132333830
38616530386230373036636332306337323830313837643336396365346262643138336437393539
62356233623031343863323864623038646132623733393264356435356238623331343832666261
39386636366233313832393032356163333166303661346430313163333230616637303638313862
33383361353439313564396538386536366463303737346434633039343332623862626466636561
65616639393036613838346562636666356463656332326433623438336161393562646535363333
63343237333362346434313631643135626337383332306162633661303531303766343564306164
62393766353531636538633537373036346261356434333634376633666162633234343332396638
63636332363333386337366539653566346639363330623532316132323461303836663432383933
36373134313037623534336639623839336438303561643430633065653162303430633536633165
30616361663531646239616238306663666236653266333364336163653936643766376334646664
35653964643935333566393236383766323366393832393631323661663765336636643032316266
36343461666131666435333636316439613737663865303361333932323763666637396632643730
38343461316165363933316537336363393635343264306462366262383463316362353133666638
30386632346633343038396361363831356330393837366364663639663861616637383937663764
37626631663161373535626331633335306463616531663265303536363666346530653336613861
65663534393666656164346534393130313666616432383661653437386665646332323132333866
31393039386439613963353061383261616532613032303034346664313532326634613036653238
39646464366462333866343934363563306361643562646531613362636531373430633032653936
61353833326231643437353564393464643430616531326664656361383039653532623532363766
37396436646164336562386330653663323735353638323466633061663462396561376330353139
61616563363764633933653066666334396165396235393732346231316534663933636261613961
39653963343661313261313330343262373334386164666639353466333465643065663738326663
31303239623263386539346163366266346438376363653538656165616239386666343630353162
63653635663235316338343839613538653563333631383638356465333730636664643162396636
30633736316434306636643362636561336634336531663761333532663939663333353663313861
62386366656363323636346231613333353135653362643938343466376634363136303864323336
36333338306666633666386638356638653862656533633234623238306534373438623136356635
33636334643563306132343564613236346332373339346438313665346637323463383365383133
37396139336438363965333562346131386238613961656235333538303266613732343438326339
34303632313961303665623665663066393462353330633438363439663333346139306136313032
65383935623764323461663938326363633235666565653461656139346462373437323965336430
36353635663732346161306534623136633732663238613537373435383533636338323432653538
31666238323930663061356263393039316236656662393465653364303333346230373965363738
32363433386332373335646663643462656537343531383938643632333433306531396633353631
66396239336434613030323366636665386135343962316665313961633630616135346166386331
61636137383264316438636164313666613734613337393335343634363832373265663430363433
61643033366138333738616430623264306231336265356563346566393537653031666338303261
31633532306632643065343938386262663239666266376631626531646638626663303333373330
63376137376263343330343437376262623361653336356361376233363731623434333266663431
64353865653438633032383539303564376134666566343033633530326636376562323662643337
34396631386461303436656530356539326638303161666330373061623530613634343338323538
35306238376133333065626165646331626337343863616266313861643939336133646166616162
30323666636362333766353861343234356565636332363134356535376662303933653933623230
62623463313936313935643031643837386462623039343662626565616264613239623530373235
34653630323164633936313235663266366332386431616535373161353463313337313632383333
62343265346539323462666136363030353639383337323834626234616166653766313231363466
66666265323961383266326431306135313661636565376331633635333663613335643361313462
63356639616166383464643539346135623636626566303730613064613135346139326438383039
37623231366361663730333165643334323031346639343331663831666161346463356335343635
31393734323537363763323266613263663836643763306463633936663130343435613738643763
32356334643031306535653537623039663366303962613732626135626131313061663332663637
64653161393737386465373763366466313161313839393830613838636333313562386435323236
62333834353331366234633435313836376562613139343834393431623863373031386366363439
61363239393461353261363463366531346134336434656638633737373464353539346134366637
38373732666331356536326633333763353137313163363438643439613734616130353234323136
3564616365326237316632656336316430383536663134343538
